{
 "cells": [
  {
   "cell_type": "markdown",
   "metadata": {},
   "source": [
    "## Test with straight beam\n",
    "\n",
    "The aim of this test is to compare the inertial loads of an analytical case with the ones given by the code.\n",
    "\n",
    "The beam used is straight, measures 1 meter, weighs 100 kg and it only has two nodes. It is defined with the following half chord position and property files.\n"
   ]
  },
  {
   "cell_type": "raw",
   "metadata": {
    "vscode": {
     "languageId": "raw"
    }
   },
   "source": [
    "# 1/2 chord locations of the cross-sections \n",
    "node  X_coordinate[m]\tY_coordinate[m]\tZ_coordinate[m]\tTwist[deg.] \n",
    " 1     0.000000e+00    0.000000e+00     0.000000e+00     0.000000e+00\n",
    " 2     0.000000e+00     0.000000e+00     1.000000e+00     0.000000e+00"
   ]
  },
  {
   "cell_type": "raw",
   "metadata": {
    "vscode": {
     "languageId": "raw"
    }
   },
   "source": [
    "#================================================================================================================================================================================================================================================================================================================================================================================================================================================================================================================================================================================================================================================================================================================================================================================================\n",
    "#          r [0]                   m [1]                 x_cg [2]                y_cg [3]                ri_x [4]                ri_y [5]                pitch [6]                x_e [7]                 y_e [8]                \tK_11 [9]                K_12 [10]                K_13 [11]                K_14 [12]                K_15 [13]                K_16 [14]                K_22 [15]                K_23 [16]                K_24 [17]                K_25 [18]                K_26 [19]                K_33 [20]                K_34 [21]                K_35 [22]                K_36 [23]                K_44 [24]                K_45 [25]                K_46 [26]                K_55 [27]                K_56 [28]                K_66 [29]        \n",
    "#================================================================================================================================================================================================================================================================================================================================================================================================================================================================================================================================================================================================================================================================================================================================================================================================\n",
    "0.0000000000000e+00\t1.0000000000000e+02\t0.0000000000000e+00\t0.0000000000000e+00\t0.0000000000000e+00\t0.0000000000000e+00\t0.0000000000000e+00\t0.0000000000000e+00\t0.0000000000000e+00\t1.0000000000000e+11\t-1.0000000000000e+11\t0.0000000000000e+00\t0.0000000000000e+00\t0.0000000000000e+00\t-1.0000000000000e+11\t1.0000000000000e+11\t0.0000000000000e+00\t0.0000000000000e+00\t0.0000000000000e+00\t-1.0000000000000e+11\t1.0000000000000e+11\t0.0000000000000e+00\t0.0000000000000e+00\t0.0000000000000e+00\t1.0000000000000e+11\t3.7733711178779e-03\t0.0000000000000e+00\t1.4946329986293e+11\t0.0000000000000e+00\t8.7412309114908e+10\n",
    "1.0000000000000e+00\t1.0000000000000e+02\t0.0000000000000e+00\t0.0000000000000e+00\t0.0000000000000e+00\t0.0000000000000e+00\t0.0000000000000e+00\t0.0000000000000e+00\t0.0000000000000e+00\t1.0000000000000e+11\t-1.0000000000000e+11\t0.0000000000000e+00\t0.0000000000000e+00\t0.0000000000000e+00\t-1.0000000000000e+11\t1.0000000000000e+11\t0.0000000000000e+00\t0.0000000000000e+00\t0.0000000000000e+00\t-1.0000000000000e+11\t1.0000000000000e+11\t0.0000000000000e+00\t0.0000000000000e+00\t0.0000000000000e+00\t1.0000000000000e+11\t3.7733711178779e-03\t0.0000000000000e+00\t1.4946329986293e+11\t0.0000000000000e+00\t8.7412309114908e+10"
   ]
  },
  {
   "cell_type": "markdown",
   "metadata": {},
   "source": [
    "The stiffness matrix is not needed in this test, but, to make the structural code work, a valid matrix was used from the first node of the original IEA 15 MW reference WT file."
   ]
  },
  {
   "cell_type": "code",
   "execution_count": 53,
   "metadata": {},
   "outputs": [],
   "source": [
    "\"\"\"\n",
    "Using a straight beam.\n",
    "\"\"\"\n",
    "\n",
    "# Import libraries\n",
    "import os\n",
    "import sys\n",
    "import numpy as np\n",
    "import pandas as pd\n",
    "from matplotlib import pyplot as plt\n",
    "from beam_corot.ComplBeam import ComplBeam\n",
    "from beam_corot.CoRot import CoRot\n",
    "from utils import save_load\n",
    "from inertial_forces_v2 import inertial_loads_fun\n"
   ]
  },
  {
   "cell_type": "code",
   "execution_count": 60,
   "metadata": {},
   "outputs": [],
   "source": [
    "\n",
    "# Model input json file name\n",
    "f_model_json = \"straight_beam_no_offset_static.json\"\n",
    "\n",
    "# Input files folder\n",
    "inputfolder = os.path.join(os.getcwd(),'straight_beam')\n",
    "mainfile = os.path.join(inputfolder,f_model_json)\n",
    "\n",
    "# Extra geometry info\n",
    "hub_di = 0 # Hub diameter [m]\n",
    "# 80 m of distance of the beam from the axis of rotation"
   ]
  },
  {
   "cell_type": "code",
   "execution_count": 55,
   "metadata": {},
   "outputs": [
    {
     "name": "stdout",
     "output_type": "stream",
     "text": [
      "-----------\n",
      "ComplBeam Model Created\n",
      "Static analysis done\n"
     ]
    },
    {
     "data": {
      "text/plain": [
       "array([[0., 0., 0.],\n",
       "       [0., 0., 1.]])"
      ]
     },
     "execution_count": 55,
     "metadata": {},
     "output_type": "execute_result"
    }
   ],
   "source": [
    "# - Instantiate beam\n",
    "save_load([0], inputfolder, onlyy=True) # Creates a force file\n",
    "beam_no_offset = ComplBeam(mainfile)\n",
    "\n",
    "# - Get the radius location of nodes\n",
    "r = beam_no_offset.nodeLocations[:,2] # z-axis position\n",
    "beam_no_offset.nodeLocations"
   ]
  },
  {
   "cell_type": "code",
   "execution_count": 56,
   "metadata": {},
   "outputs": [
    {
     "name": "stdout",
     "output_type": "stream",
     "text": [
      "-----------\n",
      "**********                  No \"mass_matrix\" type defined                    **********\n",
      "**********          \"mass_matrix\" = \"Timo\" / \"Compl\" (default = \"Timo\")        **********\n",
      "Timo Mass Matrix\n",
      "ComplBeam Model Created\n",
      "Dynamic analysis done\n"
     ]
    },
    {
     "data": {
      "text/html": [
       "<div>\n",
       "<style scoped>\n",
       "    .dataframe tbody tr th:only-of-type {\n",
       "        vertical-align: middle;\n",
       "    }\n",
       "\n",
       "    .dataframe tbody tr th {\n",
       "        vertical-align: top;\n",
       "    }\n",
       "\n",
       "    .dataframe thead th {\n",
       "        text-align: right;\n",
       "    }\n",
       "</style>\n",
       "<table border=\"1\" class=\"dataframe\">\n",
       "  <thead>\n",
       "    <tr style=\"text-align: right;\">\n",
       "      <th></th>\n",
       "      <th>0</th>\n",
       "      <th>1</th>\n",
       "      <th>2</th>\n",
       "      <th>3</th>\n",
       "      <th>4</th>\n",
       "      <th>5</th>\n",
       "      <th>6</th>\n",
       "      <th>7</th>\n",
       "      <th>8</th>\n",
       "      <th>9</th>\n",
       "      <th>10</th>\n",
       "      <th>11</th>\n",
       "    </tr>\n",
       "  </thead>\n",
       "  <tbody>\n",
       "    <tr>\n",
       "      <th>0</th>\n",
       "      <td>33.500180</td>\n",
       "      <td>-0.207198</td>\n",
       "      <td>0.000000</td>\n",
       "      <td>0.042634</td>\n",
       "      <td>4.209301</td>\n",
       "      <td>-0.093673</td>\n",
       "      <td>16.499820</td>\n",
       "      <td>0.207198</td>\n",
       "      <td>0.000000</td>\n",
       "      <td>0.042634</td>\n",
       "      <td>-4.124033</td>\n",
       "      <td>0.093673</td>\n",
       "    </tr>\n",
       "    <tr>\n",
       "      <th>1</th>\n",
       "      <td>-0.207198</td>\n",
       "      <td>33.580883</td>\n",
       "      <td>0.000000</td>\n",
       "      <td>-4.229476</td>\n",
       "      <td>-0.062810</td>\n",
       "      <td>-0.137028</td>\n",
       "      <td>0.207198</td>\n",
       "      <td>16.419117</td>\n",
       "      <td>0.000000</td>\n",
       "      <td>4.103857</td>\n",
       "      <td>-0.062810</td>\n",
       "      <td>0.137028</td>\n",
       "    </tr>\n",
       "    <tr>\n",
       "      <th>2</th>\n",
       "      <td>0.000000</td>\n",
       "      <td>0.000000</td>\n",
       "      <td>33.333333</td>\n",
       "      <td>0.000000</td>\n",
       "      <td>0.000000</td>\n",
       "      <td>0.000000</td>\n",
       "      <td>0.000000</td>\n",
       "      <td>0.000000</td>\n",
       "      <td>16.666667</td>\n",
       "      <td>0.000000</td>\n",
       "      <td>0.000000</td>\n",
       "      <td>0.000000</td>\n",
       "    </tr>\n",
       "    <tr>\n",
       "      <th>3</th>\n",
       "      <td>0.042634</td>\n",
       "      <td>-4.229476</td>\n",
       "      <td>0.000000</td>\n",
       "      <td>0.834256</td>\n",
       "      <td>0.000922</td>\n",
       "      <td>0.000751</td>\n",
       "      <td>-0.042634</td>\n",
       "      <td>-4.103857</td>\n",
       "      <td>0.000000</td>\n",
       "      <td>-0.832411</td>\n",
       "      <td>0.000922</td>\n",
       "      <td>-0.000751</td>\n",
       "    </tr>\n",
       "    <tr>\n",
       "      <th>4</th>\n",
       "      <td>4.209301</td>\n",
       "      <td>-0.062810</td>\n",
       "      <td>0.000000</td>\n",
       "      <td>0.000922</td>\n",
       "      <td>0.834256</td>\n",
       "      <td>0.000751</td>\n",
       "      <td>4.124033</td>\n",
       "      <td>0.062810</td>\n",
       "      <td>0.000000</td>\n",
       "      <td>0.000922</td>\n",
       "      <td>-0.832411</td>\n",
       "      <td>-0.000751</td>\n",
       "    </tr>\n",
       "    <tr>\n",
       "      <th>5</th>\n",
       "      <td>-0.093673</td>\n",
       "      <td>-0.137028</td>\n",
       "      <td>0.000000</td>\n",
       "      <td>0.000751</td>\n",
       "      <td>0.000751</td>\n",
       "      <td>0.004702</td>\n",
       "      <td>0.093673</td>\n",
       "      <td>0.137028</td>\n",
       "      <td>0.000000</td>\n",
       "      <td>0.000751</td>\n",
       "      <td>0.000751</td>\n",
       "      <td>-0.004702</td>\n",
       "    </tr>\n",
       "    <tr>\n",
       "      <th>6</th>\n",
       "      <td>16.499820</td>\n",
       "      <td>0.207198</td>\n",
       "      <td>0.000000</td>\n",
       "      <td>-0.042634</td>\n",
       "      <td>4.124033</td>\n",
       "      <td>0.093673</td>\n",
       "      <td>33.500180</td>\n",
       "      <td>-0.207198</td>\n",
       "      <td>0.000000</td>\n",
       "      <td>-0.042634</td>\n",
       "      <td>-4.209301</td>\n",
       "      <td>-0.093673</td>\n",
       "    </tr>\n",
       "    <tr>\n",
       "      <th>7</th>\n",
       "      <td>0.207198</td>\n",
       "      <td>16.419117</td>\n",
       "      <td>0.000000</td>\n",
       "      <td>-4.103857</td>\n",
       "      <td>0.062810</td>\n",
       "      <td>0.137028</td>\n",
       "      <td>-0.207198</td>\n",
       "      <td>33.580883</td>\n",
       "      <td>0.000000</td>\n",
       "      <td>4.229476</td>\n",
       "      <td>0.062810</td>\n",
       "      <td>-0.137028</td>\n",
       "    </tr>\n",
       "    <tr>\n",
       "      <th>8</th>\n",
       "      <td>0.000000</td>\n",
       "      <td>0.000000</td>\n",
       "      <td>16.666667</td>\n",
       "      <td>0.000000</td>\n",
       "      <td>0.000000</td>\n",
       "      <td>0.000000</td>\n",
       "      <td>0.000000</td>\n",
       "      <td>0.000000</td>\n",
       "      <td>33.333333</td>\n",
       "      <td>0.000000</td>\n",
       "      <td>0.000000</td>\n",
       "      <td>0.000000</td>\n",
       "    </tr>\n",
       "    <tr>\n",
       "      <th>9</th>\n",
       "      <td>0.042634</td>\n",
       "      <td>4.103857</td>\n",
       "      <td>0.000000</td>\n",
       "      <td>-0.832411</td>\n",
       "      <td>0.000922</td>\n",
       "      <td>0.000751</td>\n",
       "      <td>-0.042634</td>\n",
       "      <td>4.229476</td>\n",
       "      <td>0.000000</td>\n",
       "      <td>0.834256</td>\n",
       "      <td>0.000922</td>\n",
       "      <td>-0.000751</td>\n",
       "    </tr>\n",
       "    <tr>\n",
       "      <th>10</th>\n",
       "      <td>-4.124033</td>\n",
       "      <td>-0.062810</td>\n",
       "      <td>0.000000</td>\n",
       "      <td>0.000922</td>\n",
       "      <td>-0.832411</td>\n",
       "      <td>0.000751</td>\n",
       "      <td>-4.209301</td>\n",
       "      <td>0.062810</td>\n",
       "      <td>0.000000</td>\n",
       "      <td>0.000922</td>\n",
       "      <td>0.834256</td>\n",
       "      <td>-0.000751</td>\n",
       "    </tr>\n",
       "    <tr>\n",
       "      <th>11</th>\n",
       "      <td>0.093673</td>\n",
       "      <td>0.137028</td>\n",
       "      <td>0.000000</td>\n",
       "      <td>-0.000751</td>\n",
       "      <td>-0.000751</td>\n",
       "      <td>-0.004702</td>\n",
       "      <td>-0.093673</td>\n",
       "      <td>-0.137028</td>\n",
       "      <td>0.000000</td>\n",
       "      <td>-0.000751</td>\n",
       "      <td>-0.000751</td>\n",
       "      <td>0.004702</td>\n",
       "    </tr>\n",
       "  </tbody>\n",
       "</table>\n",
       "</div>"
      ],
      "text/plain": [
       "           0          1          2         3         4         5          6   \\\n",
       "0   33.500180  -0.207198   0.000000  0.042634  4.209301 -0.093673  16.499820   \n",
       "1   -0.207198  33.580883   0.000000 -4.229476 -0.062810 -0.137028   0.207198   \n",
       "2    0.000000   0.000000  33.333333  0.000000  0.000000  0.000000   0.000000   \n",
       "3    0.042634  -4.229476   0.000000  0.834256  0.000922  0.000751  -0.042634   \n",
       "4    4.209301  -0.062810   0.000000  0.000922  0.834256  0.000751   4.124033   \n",
       "5   -0.093673  -0.137028   0.000000  0.000751  0.000751  0.004702   0.093673   \n",
       "6   16.499820   0.207198   0.000000 -0.042634  4.124033  0.093673  33.500180   \n",
       "7    0.207198  16.419117   0.000000 -4.103857  0.062810  0.137028  -0.207198   \n",
       "8    0.000000   0.000000  16.666667  0.000000  0.000000  0.000000   0.000000   \n",
       "9    0.042634   4.103857   0.000000 -0.832411  0.000922  0.000751  -0.042634   \n",
       "10  -4.124033  -0.062810   0.000000  0.000922 -0.832411  0.000751  -4.209301   \n",
       "11   0.093673   0.137028   0.000000 -0.000751 -0.000751 -0.004702  -0.093673   \n",
       "\n",
       "           7          8         9         10        11  \n",
       "0    0.207198   0.000000  0.042634 -4.124033  0.093673  \n",
       "1   16.419117   0.000000  4.103857 -0.062810  0.137028  \n",
       "2    0.000000  16.666667  0.000000  0.000000  0.000000  \n",
       "3   -4.103857   0.000000 -0.832411  0.000922 -0.000751  \n",
       "4    0.062810   0.000000  0.000922 -0.832411 -0.000751  \n",
       "5    0.137028   0.000000  0.000751  0.000751 -0.004702  \n",
       "6   -0.207198   0.000000 -0.042634 -4.209301 -0.093673  \n",
       "7   33.580883   0.000000  4.229476  0.062810 -0.137028  \n",
       "8    0.000000  33.333333  0.000000  0.000000  0.000000  \n",
       "9    4.229476   0.000000  0.834256  0.000922 -0.000751  \n",
       "10   0.062810   0.000000  0.000922  0.834256 -0.000751  \n",
       "11  -0.137028   0.000000 -0.000751 -0.000751  0.004702  "
      ]
     },
     "execution_count": 56,
     "metadata": {},
     "output_type": "execute_result"
    }
   ],
   "source": [
    "# - Get the mass matrix\n",
    "# For non dynamic calculations the mass matrix is not calculated\n",
    "f_model_json = \"straight_beam_no_offset_dynamic.json\"\n",
    "mainfile_dyn = os.path.join(inputfolder,f_model_json)\n",
    "\n",
    "# Calculate mass matrix\n",
    "beam_no_offset = ComplBeam(mainfile_dyn)\n",
    "M_mat_no_offset = beam_no_offset.M_mat_full\n",
    "\n",
    "# Display DataFrame in Jupyter notebook\n",
    "M_mat_no_offset_df = pd.DataFrame(M_mat_no_offset)\n",
    "M_mat_no_offset_df"
   ]
  },
  {
   "cell_type": "markdown",
   "metadata": {},
   "source": [
    "## Calculating centrifugal force\n",
    "\n",
    "Let's calculate the acceleration in the node position which is also the CoG.\n",
    "\n",
    "The operational condicions are:\n",
    "\n",
    "    RPM = 7\n",
    "    pitch = 0\n"
   ]
  },
  {
   "cell_type": "code",
   "execution_count": 62,
   "metadata": {},
   "outputs": [],
   "source": [
    "# Operations info\n",
    "omega = 1 # rad/s\n",
    "pitch_deg = 0\n",
    "pitch_rad = np.deg2rad(pitch_deg)"
   ]
  },
  {
   "cell_type": "markdown",
   "metadata": {},
   "source": [
    "\n",
    "First, the posotions are needed. This is set manually because it is very simple."
   ]
  },
  {
   "cell_type": "code",
   "execution_count": 58,
   "metadata": {},
   "outputs": [
    {
     "data": {
      "text/plain": [
       "array([0, 0, 0, 0, 0, 0, 0, 0, 1, 0, 0, 0])"
      ]
     },
     "execution_count": 58,
     "metadata": {},
     "output_type": "execute_result"
    }
   ],
   "source": [
    "pos = np.array([[0,0,0,0,0,0],[0,0,1,0,0,0]])\n",
    "pos.flatten()"
   ]
  },
  {
   "cell_type": "code",
   "execution_count": 63,
   "metadata": {},
   "outputs": [
    {
     "data": {
      "text/plain": [
       "array([[-0.        , -0.        , 16.66666667, -0.        , -0.        ,\n",
       "        -0.        ],\n",
       "       [-0.        , -0.        , 33.33333333, -0.        , -0.        ,\n",
       "        -0.        ]])"
      ]
     },
     "execution_count": 63,
     "metadata": {},
     "output_type": "execute_result"
    }
   ],
   "source": [
    "# Calculate inertial loads\n",
    "load = -inertial_loads_fun(pos,M_mat_no_offset,hub_di,omega,pitch_rad)\n",
    "load = np.reshape(load, (-1,6))\n",
    "load"
   ]
  },
  {
   "cell_type": "markdown",
   "metadata": {},
   "source": [
    "## Analytical result"
   ]
  },
  {
   "cell_type": "markdown",
   "metadata": {},
   "source": [
    "This problem is really simple on paper. There is a beam measuring 1 meter, weighing a 100 kg and rotating at a constant 1 rad/s around one of its ends.\n",
    "\n",
    "The centrifugar force in its center of mass is $F=m\\cdot \\omega^{2}\\cdot r= 100 \\cdot 1 \\cdot 0.5 = 50 \\text{ N}$. This force is outwards, meaning positive z.\n",
    "\n",
    "This is equal to the summe of the force of both nodes!"
   ]
  },
  {
   "cell_type": "markdown",
   "metadata": {},
   "source": [
    "## Adding an offset in the centre of gravity"
   ]
  },
  {
   "cell_type": "code",
   "execution_count": 64,
   "metadata": {},
   "outputs": [
    {
     "name": "stdout",
     "output_type": "stream",
     "text": [
      "-----------\n",
      "**********                  No \"mass_matrix\" type defined                    **********\n",
      "**********          \"mass_matrix\" = \"Timo\" / \"Compl\" (default = \"Timo\")        **********\n",
      "Timo Mass Matrix\n",
      "ComplBeam Model Created\n",
      "Dynamic analysis done\n"
     ]
    },
    {
     "data": {
      "text/html": [
       "<div>\n",
       "<style scoped>\n",
       "    .dataframe tbody tr th:only-of-type {\n",
       "        vertical-align: middle;\n",
       "    }\n",
       "\n",
       "    .dataframe tbody tr th {\n",
       "        vertical-align: top;\n",
       "    }\n",
       "\n",
       "    .dataframe thead th {\n",
       "        text-align: right;\n",
       "    }\n",
       "</style>\n",
       "<table border=\"1\" class=\"dataframe\">\n",
       "  <thead>\n",
       "    <tr style=\"text-align: right;\">\n",
       "      <th></th>\n",
       "      <th>0</th>\n",
       "      <th>1</th>\n",
       "      <th>2</th>\n",
       "      <th>3</th>\n",
       "      <th>4</th>\n",
       "      <th>5</th>\n",
       "      <th>6</th>\n",
       "      <th>7</th>\n",
       "      <th>8</th>\n",
       "      <th>9</th>\n",
       "      <th>10</th>\n",
       "      <th>11</th>\n",
       "    </tr>\n",
       "  </thead>\n",
       "  <tbody>\n",
       "    <tr>\n",
       "      <th>0</th>\n",
       "      <td>33.500180</td>\n",
       "      <td>-0.207198</td>\n",
       "      <td>-0.097894</td>\n",
       "      <td>0.042634</td>\n",
       "      <td>4.209301</td>\n",
       "      <td>-0.093673</td>\n",
       "      <td>16.499820</td>\n",
       "      <td>0.207198</td>\n",
       "      <td>-0.146841</td>\n",
       "      <td>0.042634</td>\n",
       "      <td>-4.124033</td>\n",
       "      <td>0.081480</td>\n",
       "    </tr>\n",
       "    <tr>\n",
       "      <th>1</th>\n",
       "      <td>-0.207198</td>\n",
       "      <td>33.580883</td>\n",
       "      <td>0.097894</td>\n",
       "      <td>-4.229476</td>\n",
       "      <td>-0.062810</td>\n",
       "      <td>-0.970361</td>\n",
       "      <td>0.207198</td>\n",
       "      <td>16.419117</td>\n",
       "      <td>0.146841</td>\n",
       "      <td>4.103857</td>\n",
       "      <td>-0.062810</td>\n",
       "      <td>-0.684112</td>\n",
       "    </tr>\n",
       "    <tr>\n",
       "      <th>2</th>\n",
       "      <td>-0.097894</td>\n",
       "      <td>0.097894</td>\n",
       "      <td>33.333333</td>\n",
       "      <td>-0.048947</td>\n",
       "      <td>0.784386</td>\n",
       "      <td>0.114210</td>\n",
       "      <td>0.097894</td>\n",
       "      <td>-0.097894</td>\n",
       "      <td>16.666667</td>\n",
       "      <td>-0.048947</td>\n",
       "      <td>0.784386</td>\n",
       "      <td>-0.114210</td>\n",
       "    </tr>\n",
       "    <tr>\n",
       "      <th>3</th>\n",
       "      <td>0.042634</td>\n",
       "      <td>-4.229476</td>\n",
       "      <td>-0.048947</td>\n",
       "      <td>0.834256</td>\n",
       "      <td>0.000922</td>\n",
       "      <td>0.167418</td>\n",
       "      <td>-0.042634</td>\n",
       "      <td>-4.103857</td>\n",
       "      <td>-0.073421</td>\n",
       "      <td>-0.832411</td>\n",
       "      <td>0.000922</td>\n",
       "      <td>0.243153</td>\n",
       "    </tr>\n",
       "    <tr>\n",
       "      <th>4</th>\n",
       "      <td>4.209301</td>\n",
       "      <td>-0.062810</td>\n",
       "      <td>0.784386</td>\n",
       "      <td>0.000922</td>\n",
       "      <td>0.834256</td>\n",
       "      <td>0.000751</td>\n",
       "      <td>4.124033</td>\n",
       "      <td>0.062810</td>\n",
       "      <td>0.759913</td>\n",
       "      <td>0.000922</td>\n",
       "      <td>-0.832411</td>\n",
       "      <td>-0.006847</td>\n",
       "    </tr>\n",
       "    <tr>\n",
       "      <th>5</th>\n",
       "      <td>-0.093673</td>\n",
       "      <td>-0.970361</td>\n",
       "      <td>0.114210</td>\n",
       "      <td>0.167418</td>\n",
       "      <td>0.000751</td>\n",
       "      <td>0.004702</td>\n",
       "      <td>0.093673</td>\n",
       "      <td>-0.696305</td>\n",
       "      <td>0.171315</td>\n",
       "      <td>-0.165916</td>\n",
       "      <td>0.000751</td>\n",
       "      <td>-0.018254</td>\n",
       "    </tr>\n",
       "    <tr>\n",
       "      <th>6</th>\n",
       "      <td>16.499820</td>\n",
       "      <td>0.207198</td>\n",
       "      <td>0.097894</td>\n",
       "      <td>-0.042634</td>\n",
       "      <td>4.124033</td>\n",
       "      <td>0.093673</td>\n",
       "      <td>33.500180</td>\n",
       "      <td>-0.207198</td>\n",
       "      <td>0.146841</td>\n",
       "      <td>-0.042634</td>\n",
       "      <td>-4.209301</td>\n",
       "      <td>-0.081480</td>\n",
       "    </tr>\n",
       "    <tr>\n",
       "      <th>7</th>\n",
       "      <td>0.207198</td>\n",
       "      <td>16.419117</td>\n",
       "      <td>-0.097894</td>\n",
       "      <td>-4.103857</td>\n",
       "      <td>0.062810</td>\n",
       "      <td>-0.696305</td>\n",
       "      <td>-0.207198</td>\n",
       "      <td>33.580883</td>\n",
       "      <td>-0.146841</td>\n",
       "      <td>4.229476</td>\n",
       "      <td>0.062810</td>\n",
       "      <td>-2.649221</td>\n",
       "    </tr>\n",
       "    <tr>\n",
       "      <th>8</th>\n",
       "      <td>-0.146841</td>\n",
       "      <td>0.146841</td>\n",
       "      <td>16.666667</td>\n",
       "      <td>-0.073421</td>\n",
       "      <td>0.759913</td>\n",
       "      <td>0.171315</td>\n",
       "      <td>0.146841</td>\n",
       "      <td>-0.146841</td>\n",
       "      <td>33.333333</td>\n",
       "      <td>-0.073421</td>\n",
       "      <td>2.426579</td>\n",
       "      <td>-0.171315</td>\n",
       "    </tr>\n",
       "    <tr>\n",
       "      <th>9</th>\n",
       "      <td>0.042634</td>\n",
       "      <td>4.103857</td>\n",
       "      <td>-0.048947</td>\n",
       "      <td>-0.832411</td>\n",
       "      <td>0.000922</td>\n",
       "      <td>-0.165916</td>\n",
       "      <td>-0.042634</td>\n",
       "      <td>4.229476</td>\n",
       "      <td>-0.073421</td>\n",
       "      <td>0.834256</td>\n",
       "      <td>0.000922</td>\n",
       "      <td>-0.256847</td>\n",
       "    </tr>\n",
       "    <tr>\n",
       "      <th>10</th>\n",
       "      <td>-4.124033</td>\n",
       "      <td>-0.062810</td>\n",
       "      <td>0.784386</td>\n",
       "      <td>0.000922</td>\n",
       "      <td>-0.832411</td>\n",
       "      <td>0.000751</td>\n",
       "      <td>-4.209301</td>\n",
       "      <td>0.062810</td>\n",
       "      <td>2.426579</td>\n",
       "      <td>0.000922</td>\n",
       "      <td>0.834256</td>\n",
       "      <td>-0.006847</td>\n",
       "    </tr>\n",
       "    <tr>\n",
       "      <th>11</th>\n",
       "      <td>0.081480</td>\n",
       "      <td>-0.684112</td>\n",
       "      <td>-0.114210</td>\n",
       "      <td>0.243153</td>\n",
       "      <td>-0.006847</td>\n",
       "      <td>-0.018254</td>\n",
       "      <td>-0.081480</td>\n",
       "      <td>-2.649221</td>\n",
       "      <td>-0.171315</td>\n",
       "      <td>-0.256847</td>\n",
       "      <td>-0.006847</td>\n",
       "      <td>0.031807</td>\n",
       "    </tr>\n",
       "  </tbody>\n",
       "</table>\n",
       "</div>"
      ],
      "text/plain": [
       "           0          1          2         3         4         5          6   \\\n",
       "0   33.500180  -0.207198  -0.097894  0.042634  4.209301 -0.093673  16.499820   \n",
       "1   -0.207198  33.580883   0.097894 -4.229476 -0.062810 -0.970361   0.207198   \n",
       "2   -0.097894   0.097894  33.333333 -0.048947  0.784386  0.114210   0.097894   \n",
       "3    0.042634  -4.229476  -0.048947  0.834256  0.000922  0.167418  -0.042634   \n",
       "4    4.209301  -0.062810   0.784386  0.000922  0.834256  0.000751   4.124033   \n",
       "5   -0.093673  -0.970361   0.114210  0.167418  0.000751  0.004702   0.093673   \n",
       "6   16.499820   0.207198   0.097894 -0.042634  4.124033  0.093673  33.500180   \n",
       "7    0.207198  16.419117  -0.097894 -4.103857  0.062810 -0.696305  -0.207198   \n",
       "8   -0.146841   0.146841  16.666667 -0.073421  0.759913  0.171315   0.146841   \n",
       "9    0.042634   4.103857  -0.048947 -0.832411  0.000922 -0.165916  -0.042634   \n",
       "10  -4.124033  -0.062810   0.784386  0.000922 -0.832411  0.000751  -4.209301   \n",
       "11   0.081480  -0.684112  -0.114210  0.243153 -0.006847 -0.018254  -0.081480   \n",
       "\n",
       "           7          8         9         10        11  \n",
       "0    0.207198  -0.146841  0.042634 -4.124033  0.081480  \n",
       "1   16.419117   0.146841  4.103857 -0.062810 -0.684112  \n",
       "2   -0.097894  16.666667 -0.048947  0.784386 -0.114210  \n",
       "3   -4.103857  -0.073421 -0.832411  0.000922  0.243153  \n",
       "4    0.062810   0.759913  0.000922 -0.832411 -0.006847  \n",
       "5   -0.696305   0.171315 -0.165916  0.000751 -0.018254  \n",
       "6   -0.207198   0.146841 -0.042634 -4.209301 -0.081480  \n",
       "7   33.580883  -0.146841  4.229476  0.062810 -2.649221  \n",
       "8   -0.146841  33.333333 -0.073421  2.426579 -0.171315  \n",
       "9    4.229476  -0.073421  0.834256  0.000922 -0.256847  \n",
       "10   0.062810   2.426579  0.000922  0.834256 -0.006847  \n",
       "11  -2.649221  -0.171315 -0.256847 -0.006847  0.031807  "
      ]
     },
     "execution_count": 64,
     "metadata": {},
     "output_type": "execute_result"
    }
   ],
   "source": [
    "# - Get the mass matrix\n",
    "# For non dynamic calculations the mass matrix is not calculated\n",
    "f_model_json = \"straight_beam_offset_dynamic.json\"\n",
    "mainfile_dyn = os.path.join(inputfolder,f_model_json)\n",
    "\n",
    "# Calculate mass matrix\n",
    "beam_offset = ComplBeam(mainfile_dyn)\n",
    "M_mat_offset = beam_offset.M_mat_full\n",
    "\n",
    "# Display DataFrame in Jupyter notebook\n",
    "M_mat_offset_df = pd.DataFrame(M_mat_offset)\n",
    "M_mat_offset_df"
   ]
  },
  {
   "cell_type": "code",
   "execution_count": 66,
   "metadata": {},
   "outputs": [
    {
     "data": {
      "text/plain": [
       "array([[ 1.50314079,  0.16756101, 16.67645608, -0.07768401,  1.17231599,\n",
       "         0.18068208],\n",
       "       [ 3.49685921, -0.16756101, 33.34801746, -0.07768401,  2.00564932,\n",
       "        -0.17946278]])"
      ]
     },
     "execution_count": 66,
     "metadata": {},
     "output_type": "execute_result"
    }
   ],
   "source": [
    "pos_cg = np.array([[0,0,0,0,0,0],[0.1,0,1,0,0,0]])\n",
    "# Calculate inertial loads\n",
    "load = -inertial_loads_fun(pos_cg,M_mat_offset,hub_di,omega,pitch_rad)\n",
    "load = np.reshape(load, (-1,6))\n",
    "load"
   ]
  },
  {
   "cell_type": "markdown",
   "metadata": {},
   "source": [
    "## Question\n",
    "\n",
    "I'm stuck with the analytical answer to this question. How can I compare this case, where the fucntion"
   ]
  }
 ],
 "metadata": {
  "kernelspec": {
   "display_name": "spyder_env",
   "language": "python",
   "name": "python3"
  },
  "language_info": {
   "codemirror_mode": {
    "name": "ipython",
    "version": 3
   },
   "file_extension": ".py",
   "mimetype": "text/x-python",
   "name": "python",
   "nbconvert_exporter": "python",
   "pygments_lexer": "ipython3",
   "version": "3.11.5"
  }
 },
 "nbformat": 4,
 "nbformat_minor": 2
}
